299
211
167
165
89
265
163
147
283
92
69
123
96
143
302
97
228
68
23
37
144
122
67
250
358
278
316
193
125
146
233
86
335
203
336
223
258
301
183
327
282
209
281
129
38
11
326
185
220
112
179
268
333
117
367
375
383
286
361
164
373
136
154
199
197
391
2
204
115
232
370
26
120
305
224
347
266
314
342
127
74
321
29
83
329
107
247
255
133
244
184
289
44
366
65
320
85
242
186
159
12
35
28
170
142
317
271
221
95
51
240
297
325
178
41
332
206
254
388
4
256
357
100
226
340
213
171
98
215
61
47
32
267
200
355
27
311
230
260
288
162
338
138
62
135
128
8
64
300
14
156
40
365
322
216
279
369
236
207
212
295
363
251
389
364
303
269
201
161
43
217
190
309
259
105
53
1
49
80
205
34
263
91
339
52
345
264
241
13
315
88
273
166
328
392
134
306
382
319
243
54
50
174
189
396
187
169
58
48
344
235
252
21
313
160
276
191
293
343
257
308
149
130
151
359
99
372
87
330
214
121
398
20
188
71
106
270
348
102